G_tot,gamma,DCaT,Rf,gam_in,gam_out,sigma2,r0,r1,w01,w10
6.047e-05,746.502,1.41276e-05,5.08495,5.16171,5.01003,0.00390922,0.0208728,1.59836,0.116022,0.0926158
5.90735e-05,745.99,1.41276e-05,4.93065,5.20609,4.98905,0.00412184,0.0836887,1.33517,0.124722,0.231569
5.74146e-05,745.99,1.41276e-05,4.73956,5.16642,5.19749,0.00379288,0.0248157,1.3083,0.153048,0.222101
5.68893e-05,738.717,1.41276e-05,4.73956,5.1414,5.08139,0.00416831,0.00940099,1.51034,0.120901,0.0909678
5.48342e-05,757.408,1.41276e-05,4.75802,5.1414,4.95503,0.00395711,0.176525,1.35987,0.113799,0.126967
5.48342e-05,757.408,1.42678e-05,4.81889,5.42832,5.17926,0.0040492,0.00373343,1.07381,0.145184,0.0694521
5.48342e-05,774.379,1.41282e-05,4.81843,5.42832,5.26563,0.00404862,0.0106987,1.43878,0.108557,0.0640804
5.86053e-05,764.829,1.4156e-05,5.0196,6.04959,5.57203,0.00380663,0.0820108,1.38573,0.227561,0.166062
6.02968e-05,764.829,1.4156e-05,5.0196,6.26763,5.57203,0.00382658,0.0377074,1.83146,0.0879681,0.0934827
5.95631e-05,764.829,1.436e-05,4.97403,6.2717,5.48875,0.00364887,0.0104272,1.29327,0.0891911,0.0993988
6.04931e-05,764.829,1.42685e-05,4.96533,6.2717,5.24181,0.00363972,0.00430033,1.37035,0.113763,0.0759304
6.16771e-05,799.031,1.42685e-05,4.9268,6.09093,5.24966,0.00371926,0.0455123,2.00396,0.0814959,0.0846248
6.04462e-05,807.59,1.42685e-05,4.90556,5.98176,4.83456,0.00381924,0.0197892,1.07991,0.0663819,0.0423404
6.04462e-05,788.72,1.42685e-05,4.90935,5.98176,4.62974,0.00373505,0.00372006,1.56603,0.139297,0.0735626
5.89009e-05,788.72,1.42685e-05,4.94067,5.53018,4.83639,0.00396935,0.0552706,1.64843,0.108171,0.0614285
5.89009e-05,788.72,1.40932e-05,4.99234,5.53018,4.90477,0.00393857,0.0107286,1.40716,0.0908784,0.108657
5.89009e-05,788.72,1.41231e-05,5.02374,5.27832,4.60419,0.00411631,0.0643878,1.65239,0.117836,0.136147
6.04623e-05,800.383,1.38819e-05,5.02374,5.24141,4.61841,0.00384044,0.0878876,1.14096,0.0906494,0.108117
5.74092e-05,783.354,1.38819e-05,5.02374,5.24141,4.78388,0.00389558,0.0193164,1.30835,0.0706327,0.0706305
5.74092e-05,766.494,1.38819e-05,4.92499,5.57194,4.6349,0.00379885,0.145399,1.28975,0.208398,0.0668094
5.78754e-05,766.494,1.37566e-05,4.92499,5.57194,5.05362,0.00382455,0.0695097,1.46645,0.0779278,0.0797846
5.78754e-05,754.89,1.37566e-05,5.0363,5.57194,4.85435,0.00393875,0.0721869,1.3331,0.099681,0.111007
5.49117e-05,754.89,1.37566e-05,5.0363,5.78647,4.42237,0.00388675,0.0382662,0.982733,0.0754109,0.119047
5.49117e-05,754.89,1.35645e-05,5.15886,5.83871,4.08277,0.00407656,0.0198456,1.73247,0.0643838,0.081129
5.34614e-05,754.89,1.35201e-05,5.15886,6.47308,3.91848,0.00403023,0.0435851,1.24201,0.094919,0.0768465
5.32743e-05,760.173,1.35201e-05,5.15886,6.40036,3.95776,0.00385611,0.0287713,0.965774,0.13662,0.134326
5.21476e-05,767.43,1.35201e-05,5.15886,6.92307,3.94575,0.00376465,0.0141811,0.729496,0.139347,0.146009
5.11173e-05,761.195,1.35129e-05,5.15886,6.92307,3.87932,0.00387268,0.110971,1.94474,0.145555,0.128771
5.24731e-05,749.934,1.35129e-05,5.15886,7.05171,3.91071,0.00413442,0.0203625,1.15143,0.0526082,0.0471014
5.44097e-05,779.549,1.34237e-05,5.20817,6.90151,3.94282,0.00387211,0.064811,1.10562,0.131877,0.136874
5.52462e-05,768.426,1.37842e-05,4.83502,7.29413,3.94282,0.00395788,0.0579827,1.11178,0.110323,0.142632
5.65884e-05,772.086,1.43193e-05,4.9235,7.45045,3.75132,0.00398551,0.0912036,1.28312,0.0982903,0.0615215
5.57731e-05,793.579,1.43193e-05,4.9235,7.45045,3.57001,0.00380911,0.071549,1.69457,0.0784449,0.0664589
5.70588e-05,793.579,1.43193e-05,4.98478,7.38448,3.57001,0.00410524,0.151669,1.21542,0.162159,0.0599343
5.69701e-05,793.579,1.43193e-05,4.98494,7.18907,3.54429,0.0038819,0.0296873,1.54265,0.132695,0.121722
5.62725e-05,805.43,1.41033e-05,5.09747,7.53144,3.53207,0.00387956,0.168691,1.10774,0.0725795,0.139739
5.83941e-05,805.43,1.40618e-05,5.04603,7.32565,3.6169,0.00415771,0.00991725,1.12197,0.148895,0.0770927
5.83941e-05,810.872,1.40618e-05,5.12302,7.49739,3.6169,0.00375116,0.0256518,1.34451,0.0870095,0.100503
5.83941e-05,827.9,1.40618e-05,5.12302,6.59799,3.74704,0.00393007,0.103701,1.24779,0.108532,0.0909512
5.83941e-05,814.518,1.40176e-05,5.12302,6.76114,3.98141,0.00381218,0.0724994,1.62126,0.109789,0.134292
5.83941e-05,840.571,1.42848e-05,5.07732,7.20558,4.06776,0.00402392,0.181941,1.6839,0.108152,0.0574018
5.91072e-05,826.502,1.42848e-05,5.07732,6.87756,4.19566,0.00397771,0.0481835,1.14154,0.0914763,0.149664
6.09316e-05,824.256,1.42848e-05,5.07732,6.87756,4.27185,0.00416399,0.0790133,1.03313,0.0942544,0.142907
6.09316e-05,839.659,1.42848e-05,5.19099,6.78035,4.10984,0.00399769,0.0375104,1.58609,0.111977,0.125047
6.11192e-05,808.98,1.42902e-05,5.27101,7.14511,4.444,0.00398097,0.0127751,1.47191,0.0882572,0.0918605
6.35975e-05,787.763,1.42902e-05,5.27101,7.81274,4.56067,0.00390092,0.119894,1.23141,0.116368,0.11734
6.35975e-05,834.108,1.43025e-05,5.32196,7.85804,4.56067,0.00399887,0.00343168,1.5372,0.0819878,0.111667
6.5906e-05,839.858,1.42773e-05,5.32196,7.67734,4.60266,0.00387349,0.015767,0.890876,0.137714,0.120605
6.5906e-05,865.772,1.42912e-05,5.19438,7.82,4.26803,0.00410155,0.054224,0.925661,0.198243,0.201274
6.60102e-05,867.108,1.45382e-05,5.22773,7.82,4.32573,0.00368737,0.0249306,1.63237,0.0642258,0.112945
6.60102e-05,874.943,1.47295e-05,5.13234,7.52304,4.22576,0.00384243,0.000170177,1.43153,0.163169,0.0632199
6.41135e-05,874.943,1.47295e-05,5.13234,7.55786,4.18089,0.00395592,0.00499283,0.794584,0.138908,0.0668447
6.01438e-05,882.76,1.47295e-05,5.13234,6.98384,4.21016,0.00405623,0.0232859,1.42242,0.0985335,0.101185
5.83998e-05,868.184,1.47295e-05,5.13234,6.65838,4.27904,0.00380223,0.00621657,1.1323,0.0863098,0.0807253
5.84005e-05,868.184,1.46415e-05,5.13234,6.85191,4.04271,0.00389856,0.0232121,1.27992,0.0762473,0.0900012
5.90653e-05,865.248,1.52537e-05,4.92088,6.41153,3.91149,0.0041517,0.0111416,0.892165,0.103348,0.10837
5.90653e-05,848.654,1.52537e-05,4.83877,6.54007,3.89964,0.0037395,0.0276241,1.67602,0.0658668,0.189153
5.90653e-05,876.839,1.45327e-05,5.03042,6.54007,3.88976,0.00384957,0.0214776,1.26251,0.0811923,0.111064
5.83685e-05,869.188,1.45327e-05,4.99649,6.54007,4.06664,0.0036967,0.0315634,1.26596,0.158826,0.0877245
5.83031e-05,869.188,1.45782e-05,4.99649,6.66527,4.06133,0.00386192,0.0115096,1.31231,0.0685329,0.147426
6.13287e-05,864.645,1.45782e-05,4.99649,6.34326,4.06133,0.00382732,0.0226469,1.70802,0.115853,0.0628895
6.13287e-05,858.487,1.47034e-05,5.01281,6.34326,4.11607,0.00386642,0.0815292,1.43695,0.0940112,0.0814889
5.93588e-05,861.548,1.47571e-05,5.01007,6.34326,4.11607,0.00382431,0.0242507,1.73706,0.131817,0.120074
5.98917e-05,857.474,1.48959e-05,5.04209,6.28342,4.1669,0.00368358,0.00907954,1.52992,0.127837,0.110046
5.98917e-05,815.885,1.46134e-05,5.04209,6.41439,4.31154,0.00390838,0.0667973,0.974503,0.157848,0.0848384
5.93956e-05,833.182,1.46134e-05,5.04209,6.41825,4.25167,0.00383275,0.0015339,0.603548,0.0857927,0.0721642
5.76614e-05,833.182,1.46134e-05,5.04551,6.33672,4.15067,0.00403168,0.0258933,1.27249,0.114967,0.103602
5.74748e-05,833.182,1.46134e-05,5.04551,6.49156,4.15067,0.00375678,0.0768578,1.3224,0.068447,0.127572
5.74748e-05,837.677,1.43038e-05,5.04551,6.53241,3.95631,0.00389124,0.0409598,1.69723,0.0695433,0.122208
5.80118e-05,847.588,1.43038e-05,5.04551,6.91712,3.95631,0.00407541,0.00534233,1.50569,0.145132,0.0980807
5.80118e-05,853.604,1.44235e-05,5.04551,7.11198,4.05706,0.00379779,0.0716814,1.46725,0.122716,0.0901439
6.10882e-05,853.604,1.45739e-05,4.98894,7.02736,4.22357,0.00394888,0.0917851,1.41652,0.15008,0.182777
6.2423e-05,851.686,1.46086e-05,4.98894,7.08401,4.12405,0.00381291,0.0588906,2.28843,0.142287,0.128512
6.19333e-05,821.438,1.46086e-05,4.98894,7.08401,3.65104,0.00399787,0.0691882,2.0339,0.0698792,0.146631
6.19333e-05,821.438,1.46086e-05,4.98894,7.08964,3.63942,0.00379351,0.086572,1.61663,0.0485593,0.0745862
6.23087e-05,794.039,1.46086e-05,5.02263,7.05316,3.63792,0.00397909,0.0603377,1.19701,0.0888065,0.146629
6.35374e-05,794.039,1.45979e-05,5.00356,6.60986,3.63792,0.00391021,0.0313067,1.50858,0.086543,0.0846571
6.26779e-05,794.039,1.45979e-05,5.00356,7.34992,3.68228,0.00360688,0.0340578,1.8466,0.0857664,0.0599767
6.10963e-05,803.336,1.45979e-05,5.00356,7.01549,3.36213,0.00385142,0.0371733,1.07743,0.155039,0.11141
6.10963e-05,776.793,1.48265e-05,4.93916,6.97275,3.41287,0.00381411,0.0787259,1.0498,0.119041,0.0810884
6.26821e-05,736.576,1.48265e-05,4.92932,6.84491,3.40554,0.0039999,0.0894597,1.31194,0.115914,0.143792
6.09748e-05,763.935,1.48265e-05,4.92932,6.84491,3.52467,0.0039968,0.00548067,1.5616,0.133894,0.0947204
6.32806e-05,763.935,1.48464e-05,4.92932,6.59425,3.71569,0.0039226,0.0216576,1.24058,0.182557,0.0928763
6.32806e-05,786.663,1.51371e-05,4.97785,6.53215,3.77184,0.00396451,0.0210869,1.00901,0.135132,0.0919792
6.45693e-05,779.152,1.49738e-05,4.97785,6.48318,3.54476,0.00372695,0.0407727,0.644154,0.0707147,0.0890023
6.45693e-05,837.235,1.49738e-05,5.10481,6.13252,3.81091,0.00398056,0.00580658,0.813438,0.0902879,0.0627332
6.28673e-05,837.235,1.49738e-05,5.10146,6.13252,3.74555,0.00378743,0.0247296,0.741438,0.101631,0.0585001
6.49479e-05,837.235,1.51368e-05,5.10146,6.13252,3.61816,0.00377888,0.0665847,0.553231,0.0746377,0.0858416
6.67365e-05,837.235,1.55446e-05,5.10146,6.13252,3.64784,0.00401547,0.128432,1.11403,0.0569926,0.100701
6.68973e-05,822.032,1.55446e-05,5.04508,5.56693,3.4747,0.00375395,0.0521048,1.78343,0.0835038,0.109909
6.54265e-05,825.725,1.55446e-05,4.9629,5.52732,3.50038,0.00408463,0.143881,0.815634,0.129083,0.106883
6.55589e-05,825.725,1.55446e-05,4.90443,5.50608,3.42699,0.00391085,0.0188397,0.540355,0.0885772,0.0980623
6.91096e-05,847.587,1.587e-05,4.87525,5.58342,3.58225,0.00383059,0.081811,0.929397,0.0749585,0.0567895
7.07884e-05,847.587,1.587e-05,4.88292,5.67829,3.48062,0.00395273,0.0824219,0.999669,0.0985069,0.167151
7.07884e-05,847.587,1.54763e-05,5.03289,5.67829,3.40607,0.00358355,0.0272728,1.28864,0.120586,0.115167
7.07884e-05,862.788,1.54763e-05,5.0603,5.69175,3.57575,0.00382727,0.116255,1.38209,0.147707,0.144193
6.7805e-05,874.726,1.54763e-05,5.0603,5.62393,3.36954,0.0039169,0.142668,1.45657,0.204195,0.0887982
6.7805e-05,874.726,1.53309e-05,4.99919,5.56625,3.36954,0.00386353,0.0187244,1.15156,0.10929,0.0262937
6.95396e-05,839.651,1.53309e-05,5.17998,5.4161,3.40633,0.00402219,0.0148707,1.30314,0.085314,0.107237
7.28953e-05,839.651,1.53492e-05,5.2032,5.10377,3.13914,0.00400895,0.0465191,1.53659,0.128627,0.0768004
7.20564e-05,840.468,1.53492e-05,5.2032,4.92854,3.16756,0.00396742,0.0316781,1.56325,0.0806871,0.0553032
7.20564e-05,840.468,1.51742e-05,5.2032,4.90986,3.57675,0.00399888,0.0449924,1.49212,0.0944177,0.140569
7.20564e-05,824.76,1.5064e-05,5.30648,4.73256,3.57675,0.00381909,0.00834262,1.31221,0.098463,0.133173
6.99973e-05,847.645,1.5064e-05,5.30648,4.89766,3.38718,0.00395916,0.000193498,1.49428,0.147353,0.078891
6.99973e-05,871.33,1.49991e-05,5.22669,5.44155,3.4375,0.00375248,0.0545651,1.38998,0.0847823,0.0856247
6.97981e-05,871.33,1.44049e-05,5.43938,5.44542,3.4375,0.0038564,0.0323951,1.37154,0.167869,0.112259
6.82776e-05,875.607,1.44049e-05,5.41802,5.31679,3.59549,0.00380208,0.0614167,1.5372,0.121245,0.0972106
6.7054e-05,907.753,1.44049e-05,5.44496,5.40936,3.59549,0.00387097,0.0141655,1.1689,0.118384,0.0947283
6.51791e-05,907.753,1.39548e-05,5.54466,5.23319,3.37665,0.00380798,0.0011779,1.27617,0.0717406,0.122023
6.56497e-05,907.753,1.39548e-05,5.54466,4.89944,3.29451,0.00409635,0.0237045,1.45332,0.0909262,0.0804696
6.60347e-05,883.664,1.36732e-05,5.54466,4.78125,3.14508,0.00394696,0.0924726,1.0548,0.147614,0.0743816
6.60347e-05,882.199,1.35707e-05,5.55241,4.78125,3.15337,0.0039267,0.0730341,1.01822,0.0836661,0.131453
6.7406e-05,873.179,1.37294e-05,5.55241,5.00656,2.90436,0.00380921,0.00201146,1.3894,0.101253,0.117897
6.7406e-05,873.179,1.37294e-05,5.69356,5.03748,2.97508,0.00388996,0.039205,1.10356,0.117031,0.146035
6.49598e-05,827.984,1.37294e-05,5.58567,5.03193,3.0113,0.00408111,0.0187104,1.06077,0.111231,0.0879693
6.53468e-05,827.984,1.37294e-05,5.58567,5.08286,3.13491,0.00400349,0.0231779,1.23303,0.0822767,0.117549
6.53468e-05,827.984,1.37294e-05,5.58567,4.77018,3.31671,0.00405791,0.0319594,1.14339,0.0926516,0.0854689
6.3775e-05,810.24,1.35682e-05,5.56669,4.77018,3.47419,0.00394707,0.00552594,1.01071,0.132107,0.123196
6.43299e-05,810.24,1.32419e-05,5.56669,4.73846,3.39721,0.00384638,0.0149917,1.70401,0.0716436,0.0866352
6.43299e-05,801.413,1.32419e-05,5.51791,4.98849,3.14904,0.00383931,0.0438122,1.35302,0.198387,0.125597
6.38099e-05,801.413,1.30993e-05,5.51791,4.8758,3.14904,0.00393771,0.0612516,1.83265,0.128958,0.088374
6.83025e-05,774.363,1.323e-05,5.48614,4.85191,3.14904,0.00393627,0.00270852,1.31821,0.0978465,0.0938487
6.83025e-05,771.87,1.323e-05,5.51854,4.88841,3.14904,0.0037504,0.0311616,1.33221,0.0936766,0.0660227
6.25273e-05,771.87,1.32355e-05,5.45949,4.88841,3.21457,0.00370811,0.0264377,1.19036,0.101516,0.0743379
6.28495e-05,773.4,1.27723e-05,5.47837,4.88841,3.23156,0.00379894,0.00493311,1.39759,0.0725148,0.076511
6.28495e-05,773.4,1.27723e-05,5.44298,4.88841,3.23923,0.00374099,0.0147845,1.34646,0.0646984,0.110782
6.18844e-05,773.4,1.27723e-05,5.44298,4.97501,3.21387,0.00389845,0.0307413,2.31706,0.069505,0.106644
6.18844e-05,788.894,1.31176e-05,5.36704,5.1378,3.2701,0.00404483,0.0574568,2.33959,0.181876,0.149986
6.18844e-05,789.86,1.31176e-05,5.48437,5.2897,3.41492,0.00414756,0.00339126,1.69467,0.150501,0.152102
6.05264e-05,789.86,1.28161e-05,5.48437,4.94751,3.41492,0.00395985,0.0316354,1.2048,0.0685364,0.0847055
6.05264e-05,784.922,1.28978e-05,5.48437,4.89402,3.43743,0.00396722,0.00291175,1.18823,0.152163,0.130526
6.05264e-05,764.1,1.2914e-05,5.59799,4.89402,3.47884,0.00395327,0.000642025,1.55132,0.11053,0.0775394
6.05264e-05,761.439,1.24513e-05,5.59799,4.88779,3.60231,0.00406223,0.0114884,2.18929,0.103783,0.121816
5.9722e-05,758.632,1.2628e-05,5.55099,4.72157,3.62468,0.00383173,0.038839,1.81032,0.0939785,0.10355
6.28894e-05,762.391,1.2628e-05,5.55099,4.80746,3.57553,0.00370507,0.00193604,1.32766,0.112363,0.0695592
6.2049e-05,762.391,1.25622e-05,5.68791,4.57557,3.58025,0.0038067,0.000701951,1.44376,0.0474966,0.132383
6.09912e-05,760.49,1.25622e-05,5.65562,4.4156,3.71984,0.00383623,0.129526,1.40778,0.142793,0.143094
6.09912e-05,743.319,1.25622e-05,5.65562,4.18738,3.84787,0.00388412,0.0231661,1.0933,0.119805,0.0868372
6.09912e-05,731.822,1.25622e-05,5.46022,4.0078,3.7066,0.00373801,0.077085,1.00427,0.0412776,0.0789478
5.97674e-05,731.822,1.25622e-05,5.46022,4.05037,3.7066,0.00374626,0.000897225,0.815169,0.204987,0.11953
5.8005e-05,779.06,1.25622e-05,5.46022,4.11618,3.84345,0.00393202,0.270988,0.987353,0.103233,0.0838312
5.8005e-05,779.06,1.25622e-05,5.41462,4.28719,3.72377,0.0038175,0.180302,1.31753,0.230987,0.0897188
5.69361e-05,758.443,1.25622e-05,5.36589,4.28719,3.72377,0.00394388,0.088771,1.454,0.0725121,0.171496
5.80201e-05,733.436,1.25622e-05,5.36589,3.94545,3.72377,0.00385987,0.0386969,0.933554,0.0845583,0.126711
5.81568e-05,716.165,1.25622e-05,5.38865,3.78394,3.96702,0.00404328,0.213374,1.39391,0.0649886,0.105633
5.81555e-05,716.165,1.25622e-05,5.38865,3.65884,3.89902,0.00393063,0.0386579,1.11557,0.126117,0.18693
5.81555e-05,712.132,1.28135e-05,5.33005,3.39473,3.94995,0.00408961,0.0238406,1.17787,0.111901,0.114329
5.74728e-05,712.132,1.2801e-05,5.33005,3.55206,3.90097,0.00414629,0.0828873,1.16419,0.0846605,0.107304
5.76863e-05,742.436,1.32181e-05,5.33005,3.54573,4.02551,0.00408994,0.10067,1.41954,0.108224,0.0660066
5.42656e-05,716.857,1.27549e-05,5.33005,3.54573,4.21871,0.00387596,0.0309883,0.999767,0.0895104,0.131774
5.31131e-05,706.013,1.24404e-05,5.35585,3.52205,4.33064,0.00385024,0.121269,1.22489,0.175317,0.147483
5.08259e-05,711.487,1.18331e-05,5.35585,3.4921,4.33064,0.00392256,0.00774284,1.65218,0.0811698,0.0696628
5.08074e-05,728.766,1.18355e-05,5.40214,3.41899,4.33064,0.00383067,0.109343,1.05094,0.0967039,0.0931005
4.93514e-05,744.34,1.18355e-05,5.40214,3.30451,4.34774,0.0042896,0.0566131,0.873009,0.126998,0.0676643
4.93514e-05,744.34,1.18355e-05,5.40214,3.29019,4.38967,0.00383958,0.165246,1.18508,0.0896131,0.056266
4.93514e-05,739.259,1.14098e-05,5.40214,3.43554,4.52363,0.00371559,0.0846701,1.46496,0.0907607,0.112673
5.08652e-05,740.71,1.14098e-05,5.40214,3.43554,4.63114,0.00392478,0.0545148,0.907282,0.107277,0.0797356
5.07823e-05,740.71,1.19376e-05,5.37606,3.60087,4.63114,0.00397228,0.0429029,1.65785,0.111279,0.082279
5.06078e-05,737.069,1.1925e-05,5.37606,3.5595,4.63205,0.00398472,0.0251034,1.70433,0.153702,0.121897
4.96611e-05,755.882,1.20736e-05,5.26776,3.5595,4.71654,0.00389194,0.0905496,1.39818,0.090141,0.0732308
4.96611e-05,755.882,1.19445e-05,5.25621,3.51777,4.50064,0.00400057,0.0518049,1.17978,0.0736763,0.0525991
5.157e-05,747.043,1.20611e-05,5.25765,3.51777,4.47224,0.00392261,0.00117122,1.42604,0.135066,0.154117
5.157e-05,756.562,1.21107e-05,5.25765,3.47581,4.47224,0.00382134,0.0333997,1.53493,0.138977,0.0764637
5.20457e-05,783.467,1.21107e-05,5.16979,3.47581,4.47224,0.00398552,0.0264055,1.6238,0.0899845,0.0563563
5.34431e-05,783.467,1.21107e-05,5.07933,3.77662,4.51666,0.00398717,0.00768807,1.20018,0.107218,0.122868
4.95503e-05,783.467,1.18376e-05,5.01897,3.73926,4.61896,0.00388311,0.124757,0.954776,0.11894,0.149028
5.00108e-05,783.467,1.19843e-05,5.04877,3.72936,4.61896,0.0039299,0.0334755,1.43389,0.0996792,0.054129
4.94584e-05,777.99,1.19843e-05,5.17423,3.72526,4.29211,0.00396461,0.0193584,1.86538,0.0817424,0.0976445
4.94412e-05,777.99,1.19843e-05,5.26545,3.70379,4.22715,0.00394797,0.0385633,2.12591,0.0784465,0.0502252
4.769e-05,777.99,1.18697e-05,5.35647,3.70379,4.22715,0.00406736,0.0287819,1.44977,0.144113,0.0614178
4.83459e-05,777.99,1.18955e-05,5.46912,3.70379,4.59244,0.00396749,0.000186995,1.61327,0.0927813,0.108126
4.92434e-05,774.423,1.1681e-05,5.46912,3.42491,4.68872,0.00427729,0.0509016,1.11523,0.141862,0.095404
4.97248e-05,774.423,1.1705e-05,5.46912,3.47655,4.73704,0.00408097,0.0165188,1.79403,0.0817278,0.118882
4.60962e-05,774.423,1.1705e-05,5.46912,3.6022,5.0834,0.00404684,0.0110516,1.57568,0.130327,0.10576
4.56896e-05,789.415,1.1705e-05,5.46912,3.7442,5.27576,0.00396259,0.000229414,2.29882,0.117464,0.0861077
4.62391e-05,789.415,1.14674e-05,5.46912,3.80225,5.2164,0.00389888,0.0102169,1.42746,0.0920014,0.137274
4.46971e-05,789.415,1.14674e-05,5.50861,3.61578,5.14314,0.00400433,0.0654134,1.62016,0.114489,0.0576873
4.44782e-05,782.135,1.14706e-05,5.50861,3.69591,5.14314,0.00397699,0.0242917,1.69522,0.141071,0.101772
4.55767e-05,782.135,1.17647e-05,5.36729,3.69129,5.53276,0.0040943,0.0626493,1.63563,0.0854521,0.0612999
4.55767e-05,782.665,1.199e-05,5.30514,3.93907,5.94147,0.00389294,0.052227,1.42261,0.124473,0.129758
4.69624e-05,762.692,1.199e-05,5.39407,3.84616,5.6772,0.0039259,0.0884869,1.31613,0.124022,0.0670625
4.84575e-05,762.692,1.17616e-05,5.40691,4.0112,6.19094,0.00366345,0.0261759,1.09435,0.101512,0.119505
5.02854e-05,762.692,1.17616e-05,5.41198,4.02312,6.42,0.00377397,0.00771914,0.858114,0.0540732,0.093749
5.06383e-05,727.987,1.12857e-05,5.39463,3.99969,6.42,0.00394234,0.112724,1.29254,0.130278,0.130379
5.04299e-05,736.241,1.12857e-05,5.30332,3.8143,6.33953,0.00372325,0.0363664,1.44526,0.159432,0.0913937
5.04299e-05,736.241,1.14751e-05,5.4367,4.23856,6.38806,0.00392145,0.0230333,1.21821,0.0897543,0.0693024
5.0469e-05,736.241,1.12242e-05,5.4367,4.02589,6.01735,0.00386932,0.0185907,1.14238,0.130081,0.0802831
5.0469e-05,736.241,1.09689e-05,5.59564,4.11314,5.90603,0.00390601,0.0388345,1.22481,0.129301,0.149131
5.0469e-05,725.067,1.09689e-05,5.85436,4.11423,5.79609,0.00387282,0.00620535,1.15311,0.104716,0.0809227
5.11992e-05,725.067,1.09066e-05,5.73748,3.82544,5.65242,0.00407592,0.0310565,1.89971,0.105389,0.118807
5.20669e-05,726.212,1.09066e-05,5.55457,3.88752,5.67889,0.00386402,0.0686489,1.50782,0.0814949,0.152296
5.20669e-05,716.347,1.09231e-05,5.68964,3.90904,5.6543,0.00394013,0.0338417,1.71705,0.078989,0.0923182
5.01068e-05,720.575,1.09231e-05,5.68964,3.83079,5.83057,0.0040387,0.0129594,1.70314,0.112927,0.107139
4.98976e-05,741.579,1.09231e-05,5.67635,3.96794,5.83057,0.00397447,0.0519718,2.43988,0.156733,0.104202
5.00364e-05,741.579,1.09231e-05,5.67635,3.74627,6.11882,0.00367072,0.122391,1.95516,0.113233,0.109529
5.00364e-05,758.985,1.09231e-05,5.61818,3.62749,6.30962,0.00369544,0.00850518,2.1953,0.191185,0.168375
4.91578e-05,758.985,1.09231e-05,5.61818,3.62749,6.44887,0.00406885,0.0235012,1.87064,0.0973387,0.15391
4.91578e-05,748.108,1.09231e-05,5.54318,3.62749,6.43522,0.00376744,0.020682,1.68087,0.0974598,0.0653664
4.92691e-05,754.493,1.09231e-05,5.62716,3.82932,6.43522,0.00394886,0.00254636,1.65733,0.13557,0.0697353
4.90796e-05,727.594,1.09079e-05,5.62763,3.6705,7.03541,0.00385609,0.00413535,1.27617,0.109964,0.0344458
