G_tot,gamma,DCaT,Rf,gam_in,gam_out,sigma2,r0,r1,w01,w10
6.00081e-05,745.195,1.44642e-05,9.43027,5.42665,4.99968,0.0542404,0.657257,2.6598,0.129434,0.117575
5.79973e-05,833.242,1.44642e-05,9.26013,5.2714,4.99968,0.0366528,0.19834,2.82974,0.0485855,0.208071
5.48583e-05,868.877,1.44642e-05,9.26013,5.44249,4.96165,0.0287364,0.390836,2.92627,0.0987161,0.0674086
5.35509e-05,868.877,1.41965e-05,9.26013,5.62426,4.54379,0.0289262,0.0487617,2.07256,0.0930656,0.0923466
5.05548e-05,868.877,1.41965e-05,9.01629,6.13374,4.38116,0.0270292,0.0990545,2.88333,0.105796,0.119656
5.04245e-05,888.878,1.42173e-05,9.01629,6.42042,4.38116,0.0250469,0.0303005,1.66563,0.135017,0.103649
5.04245e-05,892.329,1.42173e-05,9.01629,6.63184,4.38116,0.0251742,0.0625322,2.00572,0.107906,0.0690263
4.80059e-05,894.736,1.42173e-05,9.01629,6.56374,4.38116,0.024419,0.118906,2.19681,0.107561,0.0848295
4.79791e-05,913.68,1.42173e-05,8.82774,6.34422,4.49975,0.0261018,0.0494107,1.85353,0.0832413,0.152874
4.55282e-05,944.795,1.42173e-05,8.97293,6.26542,4.49975,0.0248238,0.124602,2.22253,0.154204,0.114694
4.42361e-05,972.691,1.39675e-05,8.97293,6.26542,4.49537,0.0242129,0.117201,1.58304,0.0901929,0.0856949
4.25766e-05,972.691,1.36249e-05,8.97293,6.00435,4.49537,0.0230944,0.08655,1.68258,0.0431948,0.0937353
4.04305e-05,972.691,1.32717e-05,9.1723,6.11654,4.51419,0.0228269,0.0488748,1.58286,0.124821,0.102757
4.04305e-05,973.329,1.32564e-05,9.18818,6.33519,4.09663,0.0239391,0.0713861,1.71037,0.140695,0.113471
4.05317e-05,973.329,1.32564e-05,9.2179,6.5734,3.92292,0.0212456,0.00738173,1.69248,0.085308,0.111207
4.05317e-05,973.329,1.30779e-05,9.2179,5.48755,3.83054,0.0234662,0.00239381,1.95001,0.119821,0.107685
3.9601e-05,1037.35,1.30779e-05,9.2179,6.19273,3.83054,0.0232209,0.0291156,1.51371,0.0805894,0.0793668
3.78338e-05,1037.35,1.30779e-05,9.31736,6.06795,3.83054,0.0223321,0.00760461,2.06335,0.13148,0.0753846
3.78338e-05,1037.35,1.30779e-05,9.31736,6.25349,3.74932,0.0225798,0.0126198,2.04226,0.0967423,0.0906654
3.74673e-05,1044.37,1.30779e-05,9.31736,5.98683,3.74932,0.0219097,0.0798675,2.84438,0.143009,0.0698493
3.57659e-05,1044.37,1.30779e-05,9.31736,5.98131,3.73728,0.0219889,0.19448,1.82939,0.16192,0.140124
3.56487e-05,1081.83,1.30779e-05,9.31736,6.43251,3.67936,0.0222171,0.0622659,2.30089,0.208827,0.0692806
3.45754e-05,1081.83,1.31875e-05,9.66688,6.39142,3.59023,0.0226807,0.0240687,1.63269,0.092539,0.0780551
3.3144e-05,1094.21,1.29522e-05,9.66688,6.39142,3.42092,0.0217765,0.0332594,1.89888,0.0809337,0.0781254
3.29698e-05,1111.07,1.29522e-05,9.66688,6.42794,3.42092,0.0215585,0.0377081,2.29259,0.0999195,0.0727547
3.29698e-05,1111.07,1.29522e-05,9.61701,6.60981,3.24445,0.0221897,0.106111,1.82019,0.0899016,0.075501
3.11415e-05,1120.03,1.29885e-05,9.61832,6.60981,3.04187,0.0209364,0.0451639,1.77753,0.0746751,0.120665
3.11415e-05,1110.82,1.30606e-05,9.61832,6.37755,2.85574,0.0211794,0.00605521,2.04328,0.115638,0.129632
2.91276e-05,1110.82,1.30606e-05,9.49807,6.37755,2.92189,0.021527,0.0289185,1.92545,0.126456,0.0526544
2.91276e-05,1116.35,1.32043e-05,9.49807,6.13845,2.81514,0.0219019,0.110833,2.09206,0.170219,0.0816805
2.91276e-05,1131.17,1.32699e-05,9.49807,6.2834,2.9626,0.0221079,0.0091641,1.94907,0.112014,0.12595
2.93914e-05,1117.78,1.32027e-05,9.49807,6.2834,2.92279,0.021708,0.0353594,1.79001,0.107404,0.0794979
2.8173e-05,1117.78,1.32027e-05,9.49807,6.43322,2.96945,0.021712,0.00959765,1.76151,0.0749235,0.0936738
2.78446e-05,1117.78,1.32027e-05,9.49807,6.85569,2.85037,0.0213921,0.002539,1.87021,0.147974,0.0900727
2.70057e-05,1117.78,1.34336e-05,9.49807,6.93337,2.91846,0.0225244,0.0463961,1.98226,0.096465,0.0762307
2.79394e-05,1117.78,1.34336e-05,9.49807,7.01596,3.16733,0.0203477,0.00274733,1.56009,0.159532,0.129908
2.74324e-05,1083.78,1.34336e-05,9.49807,7.01596,3.06026,0.020841,0.0123514,1.56544,0.076516,0.083187
2.74324e-05,1092.88,1.34336e-05,9.49807,7.01596,3.06067,0.022004,0.00623592,1.87505,0.118414,0.1114
2.76087e-05,1115.82,1.34336e-05,9.49807,7.00104,3.46385,0.0213008,0.0749925,1.9298,0.10643,0.179933
2.76087e-05,1115.82,1.32922e-05,9.49807,7.15371,3.52758,0.0219045,0.0465325,1.5962,0.175163,0.125278
2.76087e-05,1115.82,1.33603e-05,9.49807,6.81844,3.52758,0.0218317,0.0546159,1.64508,0.110609,0.106961
2.76087e-05,1115.82,1.33603e-05,9.59437,6.63259,3.53174,0.0215969,0.0378032,1.6992,0.100861,0.0635014
2.79925e-05,1129.97,1.31483e-05,9.59437,6.70052,3.53174,0.021102,5.85695e-05,1.34253,0.104913,0.0639483
2.79925e-05,1147.21,1.31483e-05,9.59437,6.52673,3.64289,0.0218032,0.0387712,1.19714,0.102879,0.0854282
2.79925e-05,1160.77,1.31483e-05,9.74611,6.24297,3.70174,0.0215291,0.0386928,1.48952,0.0569512,0.120117
2.84676e-05,1160.77,1.31483e-05,9.74611,6.29673,3.70174,0.0206748,0.00109933,1.28547,0.0956743,0.148994
2.72131e-05,1160.77,1.31483e-05,9.74611,6.60777,3.70174,0.0225402,0.0239993,1.42635,0.119268,0.235571
2.75242e-05,1160.77,1.31483e-05,9.87039,6.60777,3.71398,0.0213298,0.0693805,1.93618,0.0901589,0.120981
2.77922e-05,1171.55,1.31483e-05,9.87039,6.86873,3.67114,0.0205781,0.0227696,2.06083,0.0959765,0.169246
2.82329e-05,1192.24,1.31483e-05,9.83166,6.74549,3.76626,0.0217712,0.0329176,1.71314,0.0979791,0.0654332
2.82329e-05,1153.49,1.29715e-05,9.83166,6.76732,3.76626,0.0220971,0.0680455,1.61067,0.101885,0.125882
2.7386e-05,1153.49,1.29715e-05,9.83166,6.55932,3.797,0.0200811,0.000596199,1.44535,0.171542,0.125852
2.7386e-05,1149.52,1.31496e-05,9.83166,6.74598,3.53691,0.0220619,0.0563557,1.58304,0.139682,0.104304
2.7386e-05,1144.34,1.31496e-05,9.83166,6.22438,3.31049,0.020712,0.0618864,1.56376,0.0657059,0.0657224
2.75391e-05,1133.33,1.31496e-05,9.83166,6.22438,3.31667,0.0215564,0.00368198,1.50144,0.10105,0.0653109
2.75391e-05,1133.33,1.31496e-05,9.83166,6.27799,3.35138,0.0218601,0.0707588,1.61169,0.0735568,0.0879139
2.77409e-05,1133.33,1.30525e-05,9.83166,6.3034,3.60493,0.0216274,0.213849,1.57911,0.122972,0.0690223
2.77409e-05,1133.33,1.29938e-05,9.83166,6.43096,3.45531,0.0214412,0.0509853,1.61755,0.131515,0.112329
2.77409e-05,1133.33,1.29938e-05,9.83166,6.33296,3.34425,0.0209047,0.0166941,1.48597,0.052394,0.116653
2.77409e-05,1134.53,1.29938e-05,9.87935,6.33296,3.63219,0.0221082,0.0662169,1.899,0.125449,0.106116
2.77946e-05,1151.75,1.33235e-05,9.92817,6.47658,3.67527,0.0219087,0.00801766,1.59414,0.179239,0.103662
2.76473e-05,1151.75,1.28321e-05,10.1194,6.60298,3.75911,0.0213765,0.0547524,1.55831,0.174515,0.105741
2.76473e-05,1140.7,1.26892e-05,10.1194,6.05329,3.69596,0.0210866,0.11744,1.60902,0.101332,0.0529266
2.85048e-05,1140.7,1.26892e-05,10.1194,5.83051,3.69596,0.0216973,0.29887,1.65113,0.0624403,0.0965101
2.77184e-05,1124.25,1.26892e-05,10.0059,5.83051,3.65019,0.0211765,0.0992654,1.58268,0.100401,0.0797791
2.77184e-05,1124.25,1.28051e-05,9.89275,5.56319,3.67938,0.0215647,0.0309577,2.14014,0.0985041,0.122092
2.62916e-05,1124.25,1.26242e-05,9.89275,6.28814,3.67938,0.0224716,0.0163237,1.70826,0.0736855,0.144616
2.62916e-05,1124.25,1.28366e-05,9.62712,6.5633,3.67938,0.0225325,0.00164555,1.67103,0.108692,0.104316
2.62916e-05,1124.25,1.29077e-05,9.58111,6.62413,3.35116,0.0219965,0.000239001,1.31275,0.116907,0.0958182
2.65835e-05,1124.25,1.29077e-05,9.58573,6.31776,3.44599,0.0211285,0.00261216,1.14117,0.135403,0.097748
2.65835e-05,1124.25,1.29077e-05,9.58573,6.92838,3.51987,0.0224491,0.0374313,1.63823,0.139244,0.149219
2.65835e-05,1125.3,1.29077e-05,9.50886,7.32525,3.51987,0.0217202,0.0433529,1.39633,0.0648475,0.103417
2.65835e-05,1112.58,1.29077e-05,9.50886,7.74265,3.51987,0.0218901,0.0235998,1.7261,0.102782,0.095441
2.65835e-05,1088.97,1.29077e-05,9.37352,7.33602,3.60102,0.0210039,0.0451528,2.07143,0.120158,0.0908735
2.59612e-05,1088.97,1.2712e-05,9.44554,7.33602,3.90737,0.0206324,0.0292879,1.90219,0.0933918,0.0563932
2.5989e-05,1088.97,1.26406e-05,9.44554,6.51229,3.90737,0.0206334,0.0217024,1.57729,0.109331,0.0714052
2.51261e-05,1088.97,1.27331e-05,9.44554,6.10778,3.90737,0.0213192,0.00264854,1.65216,0.15632,0.120541
2.50171e-05,1090.3,1.27331e-05,9.44554,6.05806,3.91109,0.0209104,0.0566425,2.13528,0.0832514,0.115558
2.4925e-05,1051.88,1.257e-05,9.44554,6.73813,4.12115,0.0216822,0.043099,1.86626,0.0984527,0.0827486
2.47878e-05,1051.88,1.25414e-05,9.44554,6.54867,4.12115,0.0204321,0.00235176,1.51695,0.116793,0.062078
2.53774e-05,1051.88,1.25414e-05,9.30635,6.77263,3.94367,0.0221696,0.00922618,1.58049,0.115653,0.125956
2.41157e-05,1025.93,1.25018e-05,9.3071,7.33422,4.14287,0.0211403,0.0494107,1.69681,0.110635,0.143449
2.41157e-05,1027.12,1.25018e-05,9.3071,7.33422,4.24751,0.0210033,0.000925395,1.74602,0.0887296,0.129115
2.41157e-05,1003.24,1.25018e-05,9.3071,7.45397,4.1941,0.0211252,0.00902716,1.72594,0.0927891,0.131429
2.40623e-05,1003.24,1.25018e-05,9.3071,7.50789,4.18837,0.019989,0.103412,1.6175,0.119668,0.0884778
2.4164e-05,1003.24,1.25018e-05,9.3071,7.76869,4.08043,0.0206178,0.0328576,1.71977,0.120751,0.0963209
2.4187e-05,1003.24,1.25018e-05,9.3071,7.52459,3.9776,0.0214866,0.0226665,2.15543,0.0711489,0.0925682
2.39454e-05,1024.34,1.25268e-05,9.3071,7.3364,3.9776,0.0207133,0.127594,1.63803,0.071469,0.0980894
2.30163e-05,1020.51,1.25268e-05,9.3071,7.34187,4.00917,0.02141,0.0604817,1.81768,0.0843594,0.0899563
2.30163e-05,1020.56,1.25268e-05,9.3071,7.24387,3.88728,0.0222036,0.0436626,1.66553,0.104007,0.0631135
2.32276e-05,1020.56,1.25268e-05,9.38754,7.20418,3.72088,0.0203439,0.0192646,2.53968,0.076088,0.0756952
2.40346e-05,1045.28,1.25268e-05,9.38754,6.96958,3.72088,0.0210544,0.0631629,2.40003,0.134163,0.143315
2.40646e-05,1045.28,1.25268e-05,9.38754,7.20135,3.72088,0.0209268,0.0863608,2.3626,0.130672,0.138643
2.46302e-05,1045.28,1.25268e-05,9.27301,6.64515,3.65206,0.0232367,0.333613,1.96159,0.148781,0.154608
2.38044e-05,1039.37,1.25268e-05,9.27301,6.47583,3.65206,0.0216213,0.0370251,1.51409,0.0889087,0.107945
2.58644e-05,1039.37,1.25268e-05,9.33957,6.22549,3.58649,0.0212212,0.0273967,2.10349,0.0982745,0.150754
2.48633e-05,1055.1,1.2565e-05,9.33957,6.24373,3.60481,0.0215957,0.021177,1.65163,0.16375,0.0961208
2.55249e-05,1056.06,1.2565e-05,9.33957,6.24373,3.50459,0.021337,0.0102029,2.44393,0.0464692,0.117114
2.54054e-05,1056.06,1.26274e-05,9.23289,5.81927,3.65916,0.0212119,0.0412494,1.81823,0.122596,0.114901
2.54054e-05,1056.06,1.2959e-05,9.12581,6.00039,3.72018,0.0212095,0.0357007,1.52271,0.164807,0.0923101
2.55567e-05,1056.06,1.2959e-05,9.12581,6.03839,3.7126,0.0214815,0.00364799,1.37664,0.135076,0.05404
2.59914e-05,1056.06,1.30513e-05,9.12581,6.19423,3.97789,0.021915,0.0226372,1.78294,0.0474177,0.124157
2.395e-05,1056.06,1.26485e-05,9.07863,6.38898,3.83029,0.0216635,0.00488064,2.56137,0.0574993,0.0783377
2.395e-05,1049.01,1.26485e-05,9.07863,6.21127,3.64707,0.0217194,0.0139521,1.70219,0.138283,0.0727254
2.395e-05,1043.51,1.26485e-05,9.07863,5.45011,3.64707,0.0211217,0.046726,1.85016,0.109806,0.064999
2.39156e-05,1043.51,1.24982e-05,9.07863,5.20931,3.45355,0.021826,0.0258799,2.08294,0.0784683,0.139348
2.39156e-05,1043.51,1.24982e-05,9.07863,5.11533,3.3901,0.0216293,0.0543267,2.30223,0.104471,0.141274
2.40167e-05,1052.36,1.23722e-05,9.07863,5.11533,3.53305,0.0219657,0.114476,1.42561,0.174982,0.0863023
2.40167e-05,1036.16,1.23722e-05,9.08624,5.23708,3.50209,0.0204062,0.18577,1.79219,0.103,0.0985857
2.36936e-05,1036.16,1.23722e-05,9.08624,5.14482,3.60477,0.0208901,0.191107,2.51669,0.101507,0.119686
2.40284e-05,1043.61,1.23722e-05,9.08624,5.48179,3.72921,0.0216382,0.0992612,2.43105,0.190289,0.0800009
2.39043e-05,1043.61,1.23722e-05,9.08624,5.4779,3.80941,0.021972,0.122056,2.377,0.0671591,0.128809
2.38327e-05,1044.34,1.23722e-05,9.13104,5.4779,3.87763,0.021362,0.0960692,3.09543,0.110874,0.166267
2.40864e-05,1044.34,1.23722e-05,9.13104,5.50036,3.87763,0.0211848,0.0866447,1.85626,0.164646,0.108221
2.41319e-05,1044.94,1.23893e-05,9.13104,5.3229,4.06049,0.020503,0.114486,2.05242,0.160973,0.0875154
2.52068e-05,1044.94,1.24045e-05,9.13104,5.77272,4.13866,0.0214247,0.227089,2.03826,0.0792494,0.0463615
2.43504e-05,1049.07,1.24045e-05,9.22326,5.77272,4.18496,0.0228233,0.0722363,1.57338,0.0658891,0.0740395
2.36393e-05,1049.07,1.2358e-05,9.43106,5.85179,4.14689,0.0206221,0.0812113,1.88699,0.109753,0.0810554
2.37497e-05,1052.94,1.2358e-05,9.43106,6.03395,4.14689,0.0216711,0.132746,1.67123,0.122332,0.0854696
2.45305e-05,1052.94,1.2358e-05,9.43106,6.01185,4.14689,0.0209876,0.113978,1.94181,0.123454,0.150652
2.45305e-05,1054.39,1.2358e-05,9.49002,6.01185,4.1038,0.020826,0.140553,1.54856,0.129528,0.110487
2.53624e-05,1054.39,1.2358e-05,9.49002,5.92962,4.26158,0.0221697,0.0303155,1.62187,0.16864,0.105369
2.56592e-05,1077,1.24324e-05,9.49002,6.35857,4.26158,0.0216963,0.0836538,1.31266,0.119475,0.109509
2.56592e-05,1077,1.24324e-05,9.49002,6.40173,4.58697,0.02063,0.00457849,2.08651,0.0848124,0.0586364
2.56592e-05,1066.96,1.2471e-05,9.49002,6.50104,4.27534,0.0217166,0.00163701,1.57796,0.0971336,0.116495
2.50583e-05,1066.96,1.24044e-05,9.49002,7.00341,4.15568,0.0221493,0.0117465,1.40518,0.142092,0.0827279
2.53236e-05,1066.96,1.24044e-05,9.49002,7.00341,4.03981,0.0229958,0.0401399,1.86497,0.118244,0.118352
2.57518e-05,1066.96,1.26628e-05,9.51659,7.00341,3.78568,0.0216693,0.0151706,2.11979,0.12552,0.0946057
2.57518e-05,1077.84,1.27568e-05,9.51659,6.97588,3.98764,0.0208267,0.00218234,1.69428,0.158746,0.0711809
2.57518e-05,1077.84,1.27568e-05,9.51659,7.58623,3.98764,0.0224923,0.150841,1.8683,0.109551,0.0559394
2.57518e-05,1077.84,1.32322e-05,9.31358,7.58623,3.96518,0.0225856,0.109081,1.99869,0.164387,0.0651807
2.52912e-05,1077.84,1.32322e-05,9.31358,7.58623,3.9851,0.021671,0.0103387,1.85655,0.11597,0.138099
2.54995e-05,1077.84,1.32322e-05,9.31358,7.38279,3.93807,0.0204311,0.00306382,1.37075,0.0959939,0.0907706
2.54995e-05,1077.84,1.31588e-05,9.31358,7.58155,3.80473,0.0209614,0.106477,1.79917,0.155252,0.0657918
2.57608e-05,1077.84,1.31588e-05,9.31358,7.70417,3.76369,0.0222008,0.139707,1.99262,0.170569,0.09258
2.57608e-05,1074.6,1.31588e-05,9.31358,7.6136,3.76369,0.0196888,0.0443588,2.19512,0.0986663,0.11586
2.49031e-05,1074.6,1.28445e-05,9.31358,7.6136,3.76369,0.0226087,0.010656,2.02603,0.202453,0.143838
2.54786e-05,1071.02,1.28445e-05,9.31358,7.78205,3.93793,0.0205229,0.0582834,2.71888,0.128646,0.17099
2.54786e-05,1071.02,1.28445e-05,9.31358,7.78205,3.93793,0.0207315,0.00298814,2.26281,0.144032,0.0636839
2.63134e-05,1086.62,1.32113e-05,9.31358,7.76009,3.75246,0.021326,0.0524187,2.19644,0.0994208,0.167703
2.49974e-05,1085.43,1.32113e-05,9.1548,7.76009,3.83802,0.0214129,0.00547688,2.36936,0.115283,0.097666
2.54468e-05,1085.43,1.32464e-05,9.12836,7.30991,3.83802,0.0208094,0.00313408,2.95645,0.135109,0.0735626
2.59392e-05,1084.77,1.32464e-05,9.14019,7.30991,3.81748,0.0210647,0.135554,1.8112,0.122373,0.103486
2.67661e-05,1084.77,1.33421e-05,9.14019,6.98854,3.81748,0.0209837,0.0146587,2.33365,0.201301,0.095486
2.57819e-05,1084.77,1.33421e-05,9.12533,7.00409,3.64615,0.0212065,0.00532551,1.92898,0.108755,0.122144
2.57819e-05,1084.77,1.33294e-05,9.14891,7.3667,3.64615,0.021698,0.0182801,1.87573,0.0964481,0.0899917
2.55243e-05,1101.67,1.33294e-05,9.14891,7.39067,3.59553,0.0216482,0.00125065,1.71677,0.169685,0.0900862
2.55243e-05,1101.67,1.33291e-05,9.42647,7.31863,3.60769,0.0210198,0.0359884,2.48458,0.091185,0.115859
2.55243e-05,1101.67,1.33291e-05,9.28721,7.31863,3.33109,0.0212931,0.0566219,1.49589,0.0983119,0.149583
2.59752e-05,1109.39,1.33291e-05,9.08579,7.31863,3.33109,0.0209189,0.0503008,2.15385,0.164186,0.0780491
2.59956e-05,1109.39,1.33291e-05,9.21893,7.48464,3.26602,0.0215768,0.00366952,2.58199,0.150205,0.1206
2.56103e-05,1091.08,1.32365e-05,9.21893,8.24009,3.26602,0.0217712,0.00632968,2.60421,0.126199,0.129295
2.56103e-05,1117.02,1.32365e-05,9.38449,8.27554,3.26602,0.021811,0.126126,1.88797,0.096315,0.092413
2.6284e-05,1125.02,1.32365e-05,9.26491,8.55554,3.55001,0.0214703,0.0172639,1.76089,0.118324,0.0796426
2.68804e-05,1125.02,1.32365e-05,9.26491,7.86126,3.49823,0.0234402,0.0459873,1.40102,0.109939,0.113063
2.43491e-05,1125.02,1.32365e-05,9.26491,7.6207,3.59569,0.02073,0.0201582,1.68133,0.0992453,0.0869533
2.53484e-05,1125.02,1.32365e-05,9.30439,7.7965,3.59569,0.0225915,0.0842964,2.30757,0.109896,0.0707937
2.49062e-05,1125.02,1.32365e-05,9.4118,7.98566,3.7912,0.0213517,0.0183094,2.06517,0.0712899,0.126244
2.55988e-05,1125.02,1.32365e-05,9.4118,8.01519,3.8729,0.0213975,0.0233855,2.32492,0.117593,0.11105
2.6245e-05,1120.88,1.32365e-05,9.4118,7.47439,3.76225,0.0200856,0.0424086,2.23474,0.171643,0.152107
2.61512e-05,1120.88,1.32956e-05,9.4118,7.21046,3.79794,0.0219763,0.000565453,2.10969,0.0991955,0.0959725
2.63284e-05,1120.88,1.34295e-05,9.4118,7.14083,4.0203,0.0217026,0.0021012,1.80879,0.0383211,0.117838
2.63284e-05,1120.88,1.3412e-05,9.4118,7.07709,4.12878,0.0212345,0.0447837,1.66496,0.0820662,0.153898
2.63284e-05,1120.88,1.35246e-05,9.4118,7.07709,3.90688,0.0216774,0.0485182,2.06823,0.153895,0.120209
2.71754e-05,1133.76,1.35246e-05,9.43069,6.7048,4.00423,0.0217459,0.0383871,2.10508,0.130903,0.0906866
2.72911e-05,1131.06,1.35481e-05,9.43069,6.66797,4.00423,0.02187,0.0145064,1.04769,0.11405,0.141848
2.65506e-05,1131.09,1.35345e-05,9.43069,6.51015,3.99558,0.0228587,0.0403944,1.95103,0.126465,0.138345
2.70969e-05,1131.09,1.34465e-05,9.43069,6.78283,4.11242,0.0208273,0.0184872,1.87065,0.129902,0.081425
2.63886e-05,1131.09,1.34126e-05,9.43069,7.12295,3.93327,0.0206747,0.0376536,1.82844,0.151867,0.106597
2.67733e-05,1131.09,1.34126e-05,9.43069,7.26912,4.14334,0.021497,0.121906,1.5099,0.0768869,0.070092
2.6406e-05,1131.09,1.34126e-05,9.43069,7.3211,4.08975,0.0208811,0.0050151,1.58483,0.0733326,0.104765
2.6406e-05,1131.09,1.32629e-05,9.43069,7.22951,3.8503,0.0208415,0.0742833,1.48596,0.0868883,0.0503488
2.57496e-05,1131.09,1.32122e-05,9.43069,7.59159,3.81762,0.022284,0.253569,1.46204,0.125035,0.122009
2.576e-05,1130.96,1.32647e-05,9.43069,7.55698,3.73021,0.0214525,0.0732555,1.69339,0.0940395,0.127951
2.576e-05,1153.96,1.32647e-05,9.43069,7.53768,3.81046,0.0224505,0.0461204,1.97544,0.113518,0.0585516
2.5879e-05,1155.89,1.32647e-05,9.69978,8.10221,3.62142,0.0224459,0.00732628,1.77202,0.0838023,0.0773866
2.56081e-05,1155.89,1.32647e-05,9.23257,7.75693,3.85968,0.0201212,0.00974062,2.20615,0.107004,0.046839
2.49769e-05,1155.89,1.32893e-05,9.22473,7.8638,3.52865,0.0220703,0.0885024,1.93681,0.088675,0.141685
2.49769e-05,1140.32,1.32893e-05,9.22473,7.39792,3.40642,0.0205591,0.0283352,1.34367,0.124779,0.0781123
2.57803e-05,1171.66,1.32893e-05,9.49033,7.39792,3.42298,0.0198218,0.0193207,1.81365,0.069446,0.136903
2.72441e-05,1171.66,1.32893e-05,9.49033,7.67316,3.47199,0.0212133,0.0594304,1.24436,0.164786,0.127856
2.72441e-05,1171.66,1.35336e-05,9.49033,7.7743,3.44392,0.0217683,0.0276892,1.92113,0.0596213,0.0945372
2.66006e-05,1171.66,1.36347e-05,9.49033,7.42615,3.38695,0.0212606,0.0107815,2.04543,0.0843702,0.0674139
2.70117e-05,1171.66,1.36347e-05,9.49033,7.48968,3.36203,0.022277,0.00091303,2.14422,0.098414,0.0947007
2.79767e-05,1171.66,1.36347e-05,9.49033,7.48968,3.05293,0.0203427,0.0987842,2.22469,0.0808055,0.102876
2.84021e-05,1188.92,1.36347e-05,9.49033,7.53707,3.05293,0.0223982,0.0121855,1.81601,0.171117,0.0903983
2.78846e-05,1197.32,1.36347e-05,9.49033,7.56365,3.04424,0.0215337,0.104857,2.10345,0.0875934,0.145579
2.78846e-05,1195.71,1.35399e-05,9.49033,7.17059,3.00521,0.022614,0.0239444,2.65424,0.0932149,0.0689003
2.85051e-05,1173.88,1.33929e-05,9.49033,7.0246,2.99392,0.0212653,0.0314153,1.74391,0.0803972,0.0981054
2.8271e-05,1173.88,1.33929e-05,9.49033,6.15434,2.99392,0.0213659,0.0482319,1.49384,0.0853482,0.0906858
2.94876e-05,1151.68,1.33929e-05,9.58649,6.32888,3.12852,0.0214142,0.058363,1.63534,0.169086,0.0919915
2.86112e-05,1151.68,1.33489e-05,9.70921,6.66264,3.13264,0.0208212,0.078706,1.63904,0.0678568,0.0840413
2.86112e-05,1178.53,1.36565e-05,9.70921,6.45702,2.86032,0.0205538,0.0645142,1.30914,0.0774529,0.0950872
2.76309e-05,1178.53,1.36464e-05,9.70921,6.45702,2.97501,0.021549,0.0519502,1.6588,0.0741384,0.168791
2.9616e-05,1178.53,1.35232e-05,9.83453,6.63857,3.00684,0.0225543,0.0289901,1.53763,0.0759626,0.0706453
2.9616e-05,1173.49,1.35065e-05,9.83453,6.70345,2.76068,0.021443,0.0285372,1.09545,0.0641298,0.0827758
3.0876e-05,1173.49,1.35298e-05,9.88229,6.70345,2.80986,0.0208287,0.0143502,1.73753,0.0652467,0.0478863
3.07612e-05,1202.59,1.35298e-05,9.88229,6.13306,2.80986,0.0222135,0.0867257,1.6482,0.106074,0.0680505
3.05803e-05,1202.59,1.35298e-05,9.88229,6.23018,2.80986,0.0217353,0.0841348,1.61614,0.0614909,0.105606
3.05803e-05,1198.51,1.35298e-05,9.94203,6.02895,2.90151,0.0213485,0.0716619,1.75977,0.119248,0.104911
