G_tot,gamma,DCaT,Rf,gam_in,gam_out,sigma2,r0,r1,w01,w10
6.047e-05,745.195,1.44642e-05,9.43027,5.46147,4.99968,0.0243062,0.49899,2.45176,0.112195,0.0982575
5.84437e-05,833.242,1.44642e-05,9.26013,5.30523,4.99968,0.0207555,0.423699,2.57345,0.0479528,0.211066
5.5975e-05,868.877,1.44642e-05,9.26013,5.47742,4.96165,0.0171202,0.473753,2.86152,0.0980229,0.0608766
5.4641e-05,868.877,1.41965e-05,9.26013,5.66035,4.54379,0.0169297,0.138863,2.06495,0.0913152,0.0942653
5.15839e-05,868.877,1.41965e-05,9.01629,6.1731,4.38116,0.0156556,0.16189,2.99989,0.122444,0.130778
5.1451e-05,888.878,1.42173e-05,9.01629,6.46162,4.38116,0.0146271,0.00454036,1.86297,0.155022,0.113756
4.89031e-05,888.878,1.42173e-05,8.96184,6.60713,4.37292,0.0157283,0.0369088,2.03846,0.116355,0.122502
4.85964e-05,888.878,1.41572e-05,8.61744,6.65301,4.37292,0.0149445,0.0618169,2.37623,0.09822,0.150956
4.83724e-05,888.878,1.41106e-05,8.61744,6.47874,4.37292,0.0140167,0.0333635,2.1777,0.115638,0.161083
4.78972e-05,888.878,1.38503e-05,8.61744,6.47874,4.12488,0.0143884,0.00495417,2.15283,0.0825574,0.131288
4.71488e-05,888.878,1.37266e-05,8.55674,6.57868,4.17139,0.0140732,0.0155124,2.41963,0.0874242,0.135002
4.66509e-05,889.598,1.36989e-05,8.55674,7.09885,4.23022,0.0147928,0.0125634,2.1446,0.149647,0.0861453
4.5097e-05,896.4,1.36989e-05,8.55674,7.32769,3.97206,0.0145166,0.0396187,2.46315,0.158432,0.120279
4.38723e-05,896.4,1.36989e-05,8.55674,7.48702,3.94079,0.0146539,0.0165826,1.64966,0.0897122,0.0675912
4.3689e-05,932.271,1.36989e-05,8.55674,7.48702,3.76627,0.0142905,0.228499,1.79128,0.0939537,0.116138
4.31819e-05,938.85,1.36989e-05,8.48808,7.45688,3.76627,0.0133431,0.0816897,2.35772,0.166835,0.0485955
4.21397e-05,938.85,1.35235e-05,8.65031,7.87105,3.76627,0.0136802,0.0248954,1.78201,0.0864939,0.0820266
4.02592e-05,938.85,1.35235e-05,8.65031,7.87105,3.76627,0.0135751,0.00696325,2.32635,0.128788,0.0768539
4.02592e-05,938.85,1.35235e-05,8.54204,8.11173,3.6864,0.0134349,0.0123785,2.14583,0.105074,0.0995442
3.98692e-05,945.199,1.35235e-05,8.54204,8.78528,3.77067,0.0131462,0.0839628,2.72743,0.133893,0.0690412
3.94271e-05,945.199,1.35235e-05,8.54714,8.77719,3.77067,0.0135396,0.0409759,2.25272,0.0921028,0.158113
3.94271e-05,945.199,1.35235e-05,8.54714,8.73013,4.07636,0.0132239,0.00223476,1.52163,0.106623,0.202794
3.82401e-05,945.199,1.36368e-05,8.54714,8.67437,3.9776,0.0137053,0.0229148,1.81761,0.0832425,0.0789156
3.82401e-05,956.015,1.33935e-05,8.54714,8.67437,3.80311,0.013485,0.0349067,1.88753,0.0656021,0.0696891
3.80391e-05,956.015,1.33935e-05,8.54714,9.36929,3.80311,0.0133035,0.0410095,2.17602,0.0836199,0.0575239
3.80391e-05,956.015,1.35151e-05,8.50305,9.63438,3.60693,0.0139245,0.113734,1.76866,0.0913725,0.066908
3.59296e-05,963.728,1.35529e-05,8.50421,9.63438,3.38171,0.0131922,0.0502367,1.64984,0.0609373,0.108322
3.59296e-05,955.798,1.33807e-05,8.50421,9.29584,3.17479,0.013114,0.00635965,2.02242,0.116994,0.12822
3.61615e-05,955.798,1.33807e-05,8.59722,9.29584,3.24833,0.0134297,0.0287911,2.08225,0.126318,0.05271
3.66764e-05,960.564,1.33807e-05,8.59722,8.94733,3.24833,0.0137457,0.118507,2.06223,0.161218,0.0725753
3.66764e-05,960.564,1.33549e-05,8.59722,9.1586,3.41847,0.0137235,0.00944391,2.02104,0.103169,0.115338
3.70085e-05,949.19,1.32873e-05,8.59722,9.1586,3.37254,0.013634,0.0334502,2.0386,0.106031,0.0804502
3.70085e-05,949.19,1.32873e-05,8.59722,9.37699,3.42637,0.0135449,0.00841464,2.12697,0.064771,0.105483
3.65772e-05,956.709,1.32873e-05,8.49065,9.43234,3.28897,0.0133426,0.00230623,2.18905,0.133444,0.100977
3.54752e-05,956.709,1.32873e-05,8.49065,9.53921,3.36753,0.0140972,0.0417532,2.37434,0.0941296,0.0702765
3.55674e-05,956.709,1.32873e-05,8.49065,9.65285,3.6547,0.0128303,0.00260823,1.76889,0.14578,0.121301
3.49219e-05,956.709,1.32873e-05,8.49065,9.65285,3.3943,0.0130496,0.0117805,1.77544,0.0682245,0.0763827
3.49219e-05,956.709,1.32873e-05,8.54985,9.65285,3.43234,0.0135801,0.00581519,2.15357,0.127263,0.113025
3.51464e-05,956.709,1.32873e-05,8.54985,9.63231,3.88449,0.013053,0.0672412,2.30362,0.123124,0.20813
3.51464e-05,956.709,1.31474e-05,8.54985,9.63654,3.95595,0.0138061,0.0362929,2.25992,0.177113,0.142832
3.51464e-05,956.709,1.31474e-05,8.54985,9.18492,3.95595,0.0136367,0.0259693,2.43153,0.104879,0.12225
3.51464e-05,956.709,1.31474e-05,8.54985,8.93456,3.76644,0.0136158,0.0303384,2.20245,0.105756,0.0738611
3.56349e-05,968.845,1.29387e-05,8.73108,9.02607,3.76644,0.0133207,4.93688e-05,1.64279,0.101152,0.0738456
3.56349e-05,968.845,1.2814e-05,8.73108,8.79197,3.62736,0.013759,0.0341162,1.46062,0.109577,0.105506
3.56349e-05,980.298,1.2814e-05,8.93286,8.79197,3.68596,0.0137336,0.0317138,1.9176,0.0618915,0.135445
3.56349e-05,988.492,1.2814e-05,8.93286,8.86767,3.68596,0.0128214,0.000900616,1.6749,0.0915876,0.154959
3.56349e-05,988.492,1.2814e-05,8.93286,8.93182,3.68596,0.0140518,0.0229717,1.61104,0.108209,0.21229
3.60423e-05,988.492,1.2814e-05,9.04678,8.93182,3.63981,0.0132753,0.0750826,1.91817,0.0743474,0.100874
3.51091e-05,988.492,1.2814e-05,9.04678,9.28456,3.59782,0.0129337,0.0260756,1.85601,0.0809813,0.142883
3.49866e-05,971.616,1.2814e-05,9.01128,9.11797,3.69105,0.0137699,0.0362342,1.62161,0.0820159,0.0572141
3.49866e-05,971.616,1.26417e-05,9.01128,9.14747,3.69105,0.0137762,0.071268,1.61097,0.0937936,0.105862
3.49866e-05,971.616,1.26417e-05,9.01128,8.86632,3.72117,0.0126454,0.000671231,1.37169,0.164382,0.112932
3.49866e-05,968.27,1.28153e-05,8.86366,9.11863,3.46627,0.0138687,0.0515485,1.87361,0.136838,0.106303
3.49866e-05,968.27,1.28153e-05,8.86366,8.51435,3.46627,0.0128431,0.108638,1.81878,0.0643355,0.067029
3.52003e-05,975.365,1.28153e-05,8.86366,8.51435,3.47275,0.0132526,0.0031014,1.87692,0.0974111,0.0753477
3.52003e-05,975.365,1.28153e-05,8.86366,8.58768,3.50909,0.0136643,0.0598953,1.99962,0.0709876,0.0998421
3.53827e-05,983.598,1.28153e-05,8.86366,8.62244,3.50909,0.0135811,0.0791011,1.98506,0.120135,0.0705189
3.53827e-05,983.598,1.28153e-05,8.86366,8.79693,3.36344,0.0131999,0.0426307,2.08423,0.126293,0.116572
3.53827e-05,983.598,1.28153e-05,8.86366,8.66287,3.36583,0.0128663,0.0132485,2.00643,0.0497607,0.132846
3.53827e-05,984.636,1.28153e-05,8.90665,8.66287,3.65562,0.0138069,0.0582422,2.33121,0.121785,0.109069
3.54512e-05,985.701,1.28153e-05,8.95066,8.85933,3.69899,0.013771,0.00711323,1.90808,0.162492,0.0972928
3.48678e-05,985.701,1.26528e-05,8.95066,9.03223,3.78336,0.0136051,0.0492058,1.84134,0.170225,0.108214
3.48678e-05,976.244,1.26528e-05,8.95066,8.28032,3.71981,0.0131559,0.115182,1.76992,0.119946,0.0597816
3.59492e-05,976.244,1.26528e-05,8.95066,7.97557,3.5088,0.0136925,0.328709,1.64001,0.0560885,0.0861158
3.49575e-05,962.674,1.26528e-05,8.85026,7.97557,3.46535,0.0130481,0.0286428,1.50815,0.0945805,0.0769603
3.49575e-05,962.674,1.26528e-05,8.75015,7.6099,3.49306,0.0133747,0.0292121,2.4331,0.0882871,0.12364
3.50448e-05,962.674,1.26528e-05,8.75015,8.09053,3.49306,0.0140143,0.0161084,1.86877,0.0734524,0.13449
3.50448e-05,962.674,1.26528e-05,8.75015,8.44455,3.44238,0.0139808,0.00158034,1.88756,0.117424,0.114295
3.50448e-05,962.674,1.27229e-05,8.75015,8.52281,3.1353,0.0136375,0.000195293,1.70346,0.122404,0.109204
3.54339e-05,962.674,1.27229e-05,8.75437,8.12862,3.22402,0.01308,0.00206496,1.54608,0.139751,0.112126
3.54339e-05,962.674,1.27229e-05,8.75437,8.91428,3.29314,0.013898,0.0348562,1.89992,0.136977,0.140738
3.54339e-05,963.572,1.27229e-05,8.75437,9.4249,3.29314,0.0136736,0.0357637,1.85454,0.0776328,0.117337
3.58077e-05,952.686,1.27229e-05,8.8596,9.96194,3.29314,0.0137108,0.0220381,1.97326,0.101244,0.0967452
3.58077e-05,952.686,1.27229e-05,8.95294,9.96194,3.36906,0.0131788,0.0413823,2.41912,0.117783,0.101376
3.58077e-05,952.686,1.253e-05,9.02173,9.96194,3.36906,0.0128209,0.0280562,2.1388,0.10154,0.0569318
3.5846e-05,952.686,1.24596e-05,9.02173,8.84337,3.36906,0.0131392,0.0202794,1.812,0.107691,0.0723892
3.5846e-05,960.521,1.25508e-05,9.02173,8.29406,3.36906,0.0132399,0.00227683,2.07381,0.162998,0.124421
3.56906e-05,961.694,1.25508e-05,9.02173,8.88159,3.37227,0.0131847,0.0519856,2.47298,0.0988846,0.127465
3.55591e-05,961.694,1.239e-05,9.20918,9.94341,3.55339,0.0136316,0.0375411,2.34032,0.0952933,0.0938594
3.53634e-05,961.694,1.23619e-05,9.20918,9.66383,3.55339,0.0127526,0.00198003,1.97704,0.112197,0.0718493
3.53634e-05,961.694,1.23619e-05,9.21418,9.37334,3.40036,0.0138385,0.00732236,2.10614,0.120316,0.142759
3.53634e-05,937.965,1.23228e-05,9.21492,10.1506,3.57212,0.0130861,0.0442518,2.00924,0.117927,0.157421
3.43852e-05,939.056,1.23228e-05,9.21492,10.1506,3.66234,0.0130537,0.000901145,1.93777,0.0881691,0.129888
3.53012e-05,939.056,1.23228e-05,9.21492,10.3163,3.61629,0.0129934,0.0102498,1.6074,0.0786885,0.118269
3.5223e-05,939.056,1.23228e-05,9.21492,10.3909,3.61135,0.0122156,0.116399,1.53025,0.11294,0.0861909
3.45724e-05,939.056,1.23228e-05,9.21492,10.5369,3.51828,0.0128089,0.00152885,1.70881,0.124123,0.0938513
3.47877e-05,939.056,1.23228e-05,9.21492,10.2058,3.42962,0.0134893,0.0273928,1.92481,0.0741752,0.0729753
3.44402e-05,939.056,1.23474e-05,9.21492,10.4764,3.42962,0.0128971,0.0445453,1.61406,0.0655721,0.0868557
3.43915e-05,935.551,1.23474e-05,9.21492,10.4842,3.45684,0.0133102,0.0241698,1.84312,0.0770739,0.0803431
3.43915e-05,935.59,1.23474e-05,9.21492,10.3443,3.35174,0.0139151,0.00367954,1.72933,0.105945,0.0552425
3.47073e-05,935.59,1.23474e-05,9.29457,9.71243,3.20826,0.0128838,0.0190215,2.68861,0.068085,0.0683142
3.47659e-05,935.59,1.23474e-05,9.29457,9.39614,3.20826,0.0133458,0.0684046,2.25483,0.116599,0.120477
3.62755e-05,935.59,1.23474e-05,9.29457,9.70861,3.20826,0.0130177,0.0869354,2.45229,0.152099,0.148794
3.62755e-05,935.59,1.23474e-05,9.30297,8.95876,3.14892,0.0146957,0.28638,1.96075,0.140261,0.142031
3.57521e-05,930.301,1.23474e-05,9.30297,9.12231,3.14892,0.0134588,0.0614421,1.53465,0.0811865,0.0979213
3.57521e-05,930.301,1.23474e-05,9.30297,8.71758,3.09239,0.013279,0.0269551,2.23426,0.0885044,0.151265
3.57521e-05,944.387,1.23851e-05,9.30297,8.74312,3.10818,0.0134042,0.0222115,1.64948,0.153918,0.0869847
3.67035e-05,945.245,1.23851e-05,9.30297,8.74312,3.2187,0.0131697,0.0109264,2.34637,0.0412648,0.105848
3.65316e-05,945.245,1.23851e-05,9.1967,8.14875,3.28872,0.0133201,0.0439682,1.81215,0.114408,0.103884
3.65316e-05,945.245,1.23851e-05,9.1967,8.14875,3.34356,0.0133953,0.0393208,1.47673,0.134455,0.0745328
3.67492e-05,945.245,1.23851e-05,9.1967,8.20035,3.33675,0.0134555,0.00349737,1.55211,0.156647,0.0612063
3.67492e-05,945.245,1.23851e-05,9.1967,8.41198,3.33675,0.0137289,0.0216013,2.02563,0.053273,0.125481
3.4869e-05,945.245,1.23851e-05,9.14915,8.67646,3.21294,0.0133903,0.00480775,2.78767,0.0572808,0.0786298
3.4869e-05,945.245,1.23851e-05,9.14915,8.43513,3.14859,0.0138081,0.0131269,1.96532,0.136292,0.0737239
3.4869e-05,940.29,1.23851e-05,9.14915,8.43513,3.14859,0.0135077,0.0446619,2.08615,0.108649,0.0656436
3.62828e-05,940.29,1.2238e-05,9.14915,8.06244,2.98153,0.0135405,0.0292715,1.93174,0.0646761,0.125358
3.62828e-05,940.29,1.2238e-05,9.14915,7.91698,2.79888,0.0135639,0.056493,2.35231,0.0786997,0.120224
3.64362e-05,948.267,1.21146e-05,9.14915,7.91698,2.9169,0.0137094,0.038171,1.37171,0.168888,0.0833329
3.64362e-05,933.673,1.21146e-05,9.15683,8.10541,2.89134,0.0129115,0.0578754,1.75914,0.106578,0.095426
3.5946e-05,933.673,1.21146e-05,9.15683,8.17315,2.97611,0.0131763,0.0513627,2.06755,0.0984029,0.103322
3.6454e-05,940.384,1.21146e-05,9.15683,8.17315,3.07885,0.0133807,0.00574625,2.5606,0.205673,0.0860355
3.6454e-05,940.384,1.21146e-05,9.15683,7.67215,3.08216,0.0139688,0.013322,2.45676,0.0833177,0.14602
3.63448e-05,953.79,1.21146e-05,9.15683,7.67215,3.13736,0.0136249,0.0286641,3.1103,0.121588,0.174569
3.63448e-05,953.79,1.21146e-05,9.15683,7.74878,3.13736,0.0138279,0.046929,2.76434,0.129622,0.101519
3.68103e-05,954.341,1.21446e-05,9.15683,7.49879,3.13736,0.0129128,0.0317648,2.49493,0.181898,0.106249
3.84499e-05,954.341,1.21595e-05,9.15683,7.53237,3.19776,0.0135968,0.105266,2.28788,0.0876509,0.0525657
3.71436e-05,958.113,1.21595e-05,9.24931,7.53237,3.31783,0.0142539,0.0128386,1.64065,0.0753368,0.0805302
3.60589e-05,958.113,1.21139e-05,9.19225,7.63555,3.28765,0.0128793,0.0826775,1.98541,0.100197,0.0807514
3.62273e-05,961.642,1.21139e-05,9.27004,7.87324,3.28765,0.013569,0.135462,1.76177,0.112309,0.0851123
3.62273e-05,961.642,1.21139e-05,9.27004,7.8444,3.28765,0.0132668,0.0311097,2.09546,0.124513,0.149464
3.62273e-05,947.07,1.21139e-05,9.32799,7.8444,3.25349,0.0129494,0.0463887,1.72126,0.141458,0.11953
3.62273e-05,947.07,1.21139e-05,9.32799,7.95193,3.1465,0.0140042,0.00728066,1.97903,0.156719,0.105494
3.66512e-05,953.21,1.21868e-05,9.32799,8.52717,3.1465,0.0137295,0.0764067,1.5543,0.127809,0.121177
3.66512e-05,953.21,1.21868e-05,9.32799,8.58506,3.38675,0.0129475,0.00448971,2.28316,0.084417,0.0522899
3.66512e-05,953.21,1.22247e-05,9.32799,8.71824,3.38675,0.0130098,0.00162502,1.71437,0.0876139,0.116675
3.57929e-05,953.21,1.22247e-05,9.32799,8.98004,3.38833,0.0138155,0.0108963,1.63215,0.139734,0.0839906
3.61719e-05,953.21,1.22247e-05,9.32799,8.98004,3.29386,0.014438,0.0370841,2.16948,0.116113,0.120351
3.67835e-05,953.21,1.22247e-05,9.35411,8.98004,3.08665,0.0135321,0.0142869,2.4094,0.123794,0.104789
3.67835e-05,962.925,1.23155e-05,9.35411,8.94474,3.25132,0.013009,0.00204948,1.94978,0.156444,0.0721519
3.67835e-05,962.925,1.23155e-05,9.4616,9.72736,3.25132,0.0138482,0.149688,2.01422,0.119833,0.0560253
3.67835e-05,962.925,1.23155e-05,9.4616,9.72736,3.23301,0.013964,0.0342963,1.85778,0.159538,0.0493406
3.56422e-05,962.925,1.23155e-05,9.4616,9.72736,3.24925,0.0132364,0.0125936,1.61965,0.111231,0.112476
3.59359e-05,962.925,1.23155e-05,9.4616,9.72736,3.21091,0.0129092,0.00285418,1.62766,0.103056,0.0922915
3.59359e-05,962.925,1.22471e-05,9.4616,9.98924,3.10219,0.0131073,0.108926,1.88677,0.167812,0.0654821
3.6304e-05,971.616,1.22471e-05,9.4616,10.1508,3.06873,0.013772,0.0976522,2.11923,0.183836,0.109677
3.79022e-05,968.696,1.24335e-05,9.4616,10.0315,3.06873,0.0123789,0.0192969,2.7263,0.10557,0.138657
3.79022e-05,968.696,1.24335e-05,9.4616,10.0315,3.22055,0.0139846,0.0099779,2.43026,0.210696,0.146407
3.79022e-05,965.471,1.24335e-05,9.4616,10.2534,3.36964,0.0127383,0.055948,3.09907,0.118023,0.162014
3.69295e-05,965.471,1.24335e-05,9.4616,10.2534,3.2623,0.0128913,0.00294734,2.48637,0.133685,0.0574804
3.69295e-05,979.53,1.24335e-05,9.4616,10.2245,3.10865,0.0133314,0.0576981,2.06777,0.0844774,0.142157
3.70112e-05,978.457,1.24335e-05,9.4616,10.2245,3.17953,0.0130728,0.0378675,2.03201,0.100232,0.0782584
3.70112e-05,978.457,1.24335e-05,9.36487,9.95859,3.17953,0.0136988,0.0807954,1.84622,0.0898177,0.0553975
3.70112e-05,968.513,1.24335e-05,9.39252,10.3491,3.37875,0.013367,0.00303014,2.07113,0.0808514,0.140611
3.82998e-05,956.666,1.24335e-05,9.39252,10.3863,3.28893,0.0134139,0.0214524,1.90486,0.0690047,0.136463
3.74305e-05,945.765,1.24335e-05,9.39252,10.3863,3.22894,0.0130664,0.0256881,2.22455,0.0678281,0.101041
3.74305e-05,942.257,1.22086e-05,9.39252,9.33229,3.26969,0.0135401,0.0190956,1.78286,0.0926739,0.0948283
3.74305e-05,942.257,1.22819e-05,9.31018,8.91324,3.24521,0.0128889,0.0779887,2.0941,0.0866938,0.0652224
3.75435e-05,942.257,1.22819e-05,9.33809,8.76978,3.17686,0.0132415,0.0121816,1.53318,0.0742862,0.0865259
3.75435e-05,942.257,1.22819e-05,9.33809,8.76978,3.18084,0.0131467,0.00405611,1.57987,0.067916,0.0667616
3.75435e-05,942.257,1.22819e-05,9.39531,8.86939,2.96797,0.0134459,0.0248172,1.66386,0.114461,0.108861
3.75435e-05,959.097,1.22819e-05,9.44496,8.86939,2.8883,0.0132334,0.00599075,2.0141,0.0944514,0.145411
3.75435e-05,945.06,1.22855e-05,9.44496,9.11339,2.78947,0.0136025,0.0250741,1.68132,0.189816,0.0888831
3.75435e-05,945.06,1.22855e-05,9.44496,9.54194,2.78947,0.013018,0.00811514,2.16233,0.120819,0.0904992
3.71699e-05,955.786,1.22855e-05,9.44496,9.54194,2.86207,0.0131912,0.0256034,1.9832,0.0907082,0.0983985
3.63891e-05,955.786,1.22855e-05,9.44039,9.38941,3.00189,0.0136151,0.0208008,1.64317,0.167203,0.130733
3.74056e-05,953.22,1.22855e-05,9.44039,9.39381,3.00189,0.0132473,0.0121982,2.57143,0.138565,0.0945861
3.69243e-05,953.22,1.23333e-05,9.44039,9.43846,3.1087,0.0126649,0.0341651,1.86314,0.160263,0.118053
3.69243e-05,953.22,1.23333e-05,9.42712,9.27875,3.0896,0.0126611,0.00636624,1.7765,0.0670461,0.163359
3.66253e-05,953.22,1.2453e-05,9.42712,9.06889,3.0896,0.0134111,0.0600676,1.71806,0.146115,0.134238
3.66253e-05,953.22,1.25067e-05,9.42712,9.27243,3.09816,0.0129633,0.0111441,1.61114,0.117426,0.11593
3.66253e-05,956.851,1.25067e-05,9.42712,9.27953,3.00643,0.0128523,0.0111291,2.09221,0.0730047,0.0972056
3.66298e-05,956.851,1.25842e-05,9.42712,9.08066,3.09095,0.0143982,0.0258533,1.76591,0.173283,0.0691723
3.66298e-05,956.851,1.25842e-05,9.42712,9.08066,2.71617,0.0136336,0.0259793,2.18314,0.120841,0.19603
3.83189e-05,956.851,1.25842e-05,9.42712,9.08066,2.66276,0.0133698,0.0455116,2.82635,0.140756,0.1816
3.83189e-05,940.929,1.25842e-05,9.39175,9.04629,2.66276,0.0133111,0.0274583,2.16411,0.0911891,0.0795014
3.8482e-05,940.929,1.2606e-05,9.39175,8.9966,2.66276,0.0135344,0.0410932,1.31796,0.129774,0.157206
3.74379e-05,948.213,1.25934e-05,9.39175,8.78366,2.77683,0.0142785,0.0462617,1.82269,0.109409,0.124473
3.82082e-05,948.213,1.25115e-05,9.39175,9.15157,2.85803,0.0132637,0.0169554,2.15859,0.138741,0.0827902
3.72094e-05,948.213,1.248e-05,9.39175,9.61047,2.80951,0.0129758,0.036306,2.0313,0.128233,0.0983579
3.77518e-05,948.213,1.248e-05,9.39175,9.61047,2.95956,0.0133018,0.112199,1.78487,0.0754117,0.0713659
3.57079e-05,948.213,1.248e-05,9.39175,9.60049,2.92128,0.0129949,0.00451059,1.90803,0.0799656,0.107151
3.57079e-05,948.213,1.248e-05,9.39175,9.48038,2.7863,0.013085,0.0686621,1.6883,0.0946041,0.0576517
3.57079e-05,948.213,1.24323e-05,9.39175,9.571,2.85119,0.0138388,0.122233,1.70924,0.124483,0.122521
3.57224e-05,948.109,1.24323e-05,9.39175,9.52736,2.78591,0.0132877,0.00886354,2.50621,0.10687,0.155938
3.57224e-05,967.387,1.24323e-05,9.39175,9.67189,2.99291,0.0131625,0.00872287,2.80859,0.0694112,0.120576
3.58874e-05,969.007,1.24323e-05,9.58453,9.67189,2.84443,0.0138311,0.00671071,2.13355,0.0990023,0.0868899
3.58874e-05,969.007,1.24323e-05,9.58453,9.91637,3.03157,0.0127198,0.00849543,2.76059,0.12235,0.0545219
3.56078e-05,969.007,1.24554e-05,9.57639,10.053,2.61198,0.0138083,0.0985558,1.79853,0.082315,0.1281
3.56078e-05,955.951,1.24554e-05,9.57639,9.45741,2.57102,0.0129084,0.0273514,1.47983,0.123735,0.0709894
3.67532e-05,955.951,1.24554e-05,9.57639,9.45741,2.42055,0.01268,0.0181,2.04594,0.0610363,0.118958
3.68618e-05,955.951,1.24554e-05,9.57639,9.80928,2.45521,0.0132167,0.0487546,1.64821,0.181297,0.144218
3.68618e-05,955.951,1.24554e-05,9.57639,9.80928,2.43536,0.0137243,0.0269682,2.07085,0.0665219,0.0950779
3.59911e-05,955.951,1.25484e-05,9.57639,9.80928,2.3347,0.0134068,0.0097468,2.42339,0.0914738,0.0688605
3.65473e-05,955.951,1.25484e-05,9.57639,9.89318,2.31752,0.0140655,0.00101416,1.99269,0.0826531,0.0841556
3.7853e-05,955.951,1.25484e-05,9.57639,9.89318,2.10445,0.0128084,0.100499,2.28027,0.0730318,0.102487
3.84286e-05,970.034,1.25484e-05,9.57639,9.88274,2.10445,0.0140468,0.000810125,1.95174,0.160094,0.0986318
3.77284e-05,974.752,1.25484e-05,9.57639,9.88274,2.10445,0.0132439,0.106442,2.21161,0.0790006,0.134633
4.0748e-05,973.442,1.29149e-05,9.57639,9.59595,2.12381,0.0137791,0.00100278,1.84401,0.0651061,0.067114
4.09315e-05,973.442,1.29149e-05,9.57639,9.55159,2.15403,0.0135925,0.038503,1.78414,0.1161,0.0792006
4.0477e-05,973.442,1.29783e-05,9.43561,9.10765,2.33569,0.013951,0.00613739,2.15664,0.0973796,0.110354
4.11208e-05,955.038,1.29783e-05,9.43561,9.36596,2.4407,0.0133912,0.0458146,2.30443,0.171399,0.106141
3.98987e-05,955.038,1.29357e-05,9.5564,9.85988,2.44391,0.012941,0.0695722,2.05173,0.0734469,0.0864625
4.0158e-05,955.038,1.28954e-05,9.5564,10.0106,2.48824,0.0140896,0.0107875,2.09759,0.129897,0.121613
4.13769e-05,954.445,1.28954e-05,9.60614,10.0106,2.45198,0.0143844,0.0864558,1.88053,0.0782361,0.114086
4.09977e-05,970.731,1.28954e-05,9.6115,10.1516,2.54037,0.0133796,0.105536,2.00016,0.0785705,0.0894795
4.03734e-05,970.731,1.28954e-05,9.6115,9.65406,2.47571,0.0134729,0.00372297,1.9449,0.1053,0.156499
4.03734e-05,970.731,1.27723e-05,9.6115,9.85105,2.48715,0.0129047,0.00118046,2.0437,0.150218,0.0746806
4.02233e-05,970.731,1.27723e-05,9.6115,9.85105,2.48715,0.013906,0.0678294,2.32992,0.118839,0.0875947
3.99868e-05,981.911,1.27723e-05,9.6115,10.0071,2.48715,0.0134508,0.0154234,1.91168,0.0687037,0.106452
3.99868e-05,978.579,1.27723e-05,9.6696,10.0332,2.47597,0.0133932,0.0123873,1.84333,0.121209,0.103327
